
anf=
[111100 010100 110000 001111 110010 011110]110001
[100010 101100 110011 011001 101111 101000]011011
#generator: 2

stabSize=1290157424640
anf=abc
[001000 010111 111111 000001 000100 000011]110001
[101000 111010 110001 000011 000110 000001]011001
#generator: 2

stabSize=924844032
anf=acd+abe
[101100 011100 010001 010110 011001 000001]111011
[100101 001110 010110 001101 011101 000001]101010
#generator: 3 --> 2

stabSize=23592960
anf=bcd+ace+abf
[101110 111010 100010 000101 000111 000100]000001
[011111 111111 101010 000011 000111 000101]100000
#generator: 2

stabSize=2752512
anf=cde+abf
[000010 000100 010000 000001 100001 001110]100010
[001000 001110 110001 010001 000001 001010]110101
#generator: 2

stabSize=3612672
anf=ace+bce+bde+bcf+adf
[010000 100000 110010 100011 011011 111101]001000
[111000 101100 100111 111110 101001 110111]101010
#generator: 2

stabSize=7741440
anf=abcd
[010010 101111 100010 100100 000011 000001]000100
[101110 011010 001000 110011 000010 000011]110011
#generator: 2

stabSize=123863040
anf=abcd+abe
[101111 011111 000111 001011 000011 000001]001111
[110101 011000 001100 001001 000011 000001]010101
[010101 111100 001010 001101 000011 000001]011111
[100001 010001 001001 000101 000011 000001]000001
#generator: 4 --> 4

stabSize=1179648
anf=abcd+bce+ade
[001100 001010 110111 101000 000011 000001]011000
[111011 001110 100010 001011 000011 000001]111110
#generator: 2

stabSize=1474560
anf=abcd+ace+abf
[100011 010011 011101 000110 000010 000011]000011
[100111 011011 010001 000111 000011 000010]001110
[110000 001001 011011 000101 000001 000011]010000
#generator: 3 --> 3

stabSize=196608
anf=abcd+bce+ade+abf
[111011 100110 001101 001000 000011 000001]101000
[100111 110110 001001 001111 000010 000001]001111
#generator: 2

stabSize=98304
anf=abcd+cde+abf
[001101 001010 100000 110001 000001 000010]100010
[110000 100010 001110 000111 000010 000001]011000
#generator: 2

stabSize=73728
anf=abcd+ace+bce+bde+bcf+adf
[011100 101010 010101 111000 000010 000011]101001
[100000 010010 000111 001111 000011 000010]010011
#generator: 2

stabSize=368640
anf=abcd+aef
[101111 010000 011000 000100 000001 000010]011110
[110010 001100 001000 011100 000011 000001]010110
#generator: 3 --> 2

stabSize=129024
anf=abcd+bce+aef
[111111 010001 001101 000100 000010 000001]011111
[111100 010101 011000 000100 000010 000001]001011
[110001 001001 010000 000100 000010 000001]010001
[100000 010000 001000 000100 000011 000001]000000
#generator: 4 --> 4

stabSize=6144
anf=abcd+bde+bcf+aef
[101101 011111 000100 001000 000001 000010]000101
[111101 011100 001111 000101 000011 000001]001110
#generator: 2

stabSize=3072
anf=abde+abcf
[110100 100000 000100 001001 000101 001011]100101
[100011 111110 001111 001100 000110 001000]100001
#generator: 2

stabSize=1105920
anf=acd+abde+abcf
[100001 010001 000100 001001 000001 000010]000001
[111011 011110 001001 001111 000010 000011]010101
[100011 010011 001011 000111 000010 000001]000011
#generator: 3 --> 3

stabSize=24576
anf=bcd+ace+abde+abcf
[101000 111110 001110 000101 000110 000001]100001
[111001 100111 001110 000110 000101 000001]101110
#generator: 2

stabSize=12288
anf=ade+abde+abcf
[100001 010001 001001 000100 000010 000001]000001
[110110 011101 000100 000001 001000 000110]000110
[110111 010000 000001 000010 000100 001000]010111
#generator: 3 --> 3

stabSize=36864
anf=bcd+ade+abde+abcf
[111011 010101 001010 000111 000010 000001]011011
[100100 011000 000100 001001 000001 000010]010100
[100001 010001 001001 000100 000010 000001]000001
[100100 010100 001001 000100 000010 000001]000100
#generator: 4 --> 4

stabSize=4096
anf=abde+cde+abcf
[100000 110001 001101 000111 000011 000001]100011
[010001 110000 001010 000010 000101 000001]010001
[100000 010000 001000 000010 000100 000001]000000
#generator: 3 --> 3

stabSize=1152
anf=bce+abde+abcf+adf
[110010 101101 001111 001010 000011 000010]001100
[100001 110111 000010 000011 001010 001111]001111
#generator: 3 --> 2

stabSize=9216
anf=ace+ade+abde+abcf+adf
[111011 011000 000101 001011 000100 001100]001011
[100000 010110 001100 000100 000011 000001]011111
#generator: 2

stabSize=61440
anf=bcd+ace+ade+abde+abcf+adf
[111101 011100 001101 001001 000011 000010]011000
[101001 010100 001011 001110 000010 000011]010110
#generator: 2

stabSize=12288
anf=bce+ade+abde+abcf+adf
[100000 010011 000010 000001 001000 000100]010000
[101011 011110 001000 000100 001110 000101]001010
#generator: 2

stabSize=3072
anf=abde+cde+abcf+adf
[100010 010001 001011 000101 000010 000001]000000
[110001 010000 001010 000101 000010 000001]010001
[100000 010000 001010 000101 000010 000001]000000
[100010 010001 001011 000111 000010 000001]000010
[100101 010001 001111 000101 000011 000001]010111
#generator: 5 --> 5

stabSize=128
anf=abde+cde+abcf+bdf+aef
[010111 100111 001110 000011 000101 000001]110111
[100010 110111 001111 000101 000110 000001]010010
#generator: 2

stabSize=192
anf=bcde+acdf+abef
[000010 001100 100001 000001 000100 010000]000101
[001000 010000 100000 000001 010010 000100]010000
#generator: 2

stabSize=1296
anf=acd+bcde+acdf+abef
[101111 001011 101101 011101 001100 110011]101000
[010001 010101 000001 110011 001100 001111]011000
#generator: 2

stabSize=40320
anf=abc+acd+bcde+acdf+abef
[001010 100010 010111 000010 000001 000100]000001
[110111 010101 011111 000100 000111 000001]010111
#generator: 2

stabSize=384
anf=abd+ace+bcde+acdf+abef
[111110 010010 001100 010111 011101 000001]001011
[110100 000111 000100 011001 010000 000001]010100
#generator: 2

stabSize=240
anf=abd+acd+ace+bcde+bcf+acdf+abef
[001010 000001 001000 011111 100010 011001]100000
[011100 000001 011011 001011 110000 001000]100110
#generator: 2

stabSize=1344
anf=acd+ade+bcde+bcf+acdf+abef
[001001 100100 000010 011001 001000 100010]101001
[101010 011011 100010 000111 110011 011101]111010
#generator: 2

stabSize=336
anf=abcde
[101110 100111 000101 101100 010000 000001]001110
[011101 101000 100011 111101 000111 000001]010011
#generator: 2

stabSize=639959040
anf=abc+abcde
[011100 001001 101100 000111 000100 000001]000101
[110010 100100 111101 000110 000011 000001]010001
#generator: 3 --> 2

stabSize=4128768
anf=acd+abe+abcde
[110111 001010 010111 010100 000101 000001]000100
[111000 011111 001011 011001 001000 000001]000011
#generator: 2

stabSize=737280
anf=abcde+abf
[111110 010101 001000 001110 001100 000001]011110
[100100 111000 000110 001110 000100 000001]101110
#generator: 3 --> 2

stabSize=516096
anf=acd+abcde+abf
[110011 011001 001101 001000 000010 000001]010011
[100101 011000 000101 001010 000010 000001]001110
[100110 010110 000110 001101 000010 000001]000110
[100101 010101 001101 000100 000010 000001]000101
#generator: 4 --> 4

stabSize=24576
anf=bcd+ace+abcde+abf
[011010 101010 001100 000011 000101 000001]000100
[111111 011011 001000 000111 000011 000001]010111
#generator: 2

stabSize=12288
anf=cde+abcde+abf
[010000 110001 001100 001010 001110 000001]010110
[110001 010001 001100 001010 001000 000001]010001
#generator: 3 --> 2

stabSize=8064
anf=abcde+bcf+adf
[110110 100100 001110 111100 000010 000001]011101
[110010 101110 001110 001010 000010 000001]100101
#generator: 2

stabSize=23040
anf=abe+abcde+bcf+adf
[100111 010011 001010 000110 000010 000001]000100
[010110 111010 000100 001100 000010 000001]011001
[111100 010100 001100 000100 000010 000001]011100
#generator: 3 --> 3

stabSize=1536
anf=bce+abcde+bcf+adf
[001000 100000 100111 011010 000011 000001]101000
[100000 011010 010000 000100 000010 000001]010011
[010000 100000 100100 011000 000011 000001]110000
#generator: 3 --> 3

stabSize=2304
anf=ace+bce+bde+abcde+bcf+adf
[010010 100001 110111 101001 000011 000001]010000
[010101 111010 111110 011001 000010 000001]110101
#generator: 2

stabSize=3840
anf=abcde+abcf
[111000 110110 011011 000011 000111 000001]101010
[011010 001010 101001 000111 000011 000001]000110
#generator: 2

stabSize=2064384
anf=abd+abcde+abcf
[110100 010011 001110 000110 000011 000001]010100
[100011 010011 001011 000111 000010 000001]000011
[110100 100011 001101 000111 000011 000001]100100
[101111 010110 001111 000100 000010 000001]001111
#generator: 4 --> 4

stabSize=98304
anf=acd+abe+abcde+abcf
[100011 001011 011111 000011 000110 000001]001011
[111000 001000 010111 000011 000100 000001]011010
[111111 001111 010111 000010 000100 000001]011111
#generator: 3 --> 3

stabSize=49152
anf=ade+abcde+abcf
[111101 001001 011001 000110 000011 000001]010001
[101100 001000 010000 000010 000100 000001]001100
#generator: 2

stabSize=18432
anf=bcd+ade+abcde+abcf
[100000 010000 001000 000111 000010 000001]000000
[111010 001010 010010 000111 000010 000001]011010
[111111 001010 011001 000101 000010 000001]010111
[110010 010001 001010 000111 000011 000001]010110
#generator: 4 --> 4

stabSize=6144
anf=abcde+abf+abcf
[100101 010000 001001 000010 000100 000001]000101
[011011 111000 001010 000100 000110 000001]010101
[111001 010110 001010 000100 000110 000001]011001
#generator: 3 --> 3

stabSize=73728
anf=acd+abcde+abf+abcf
[100010 010010 001000 000110 000010 000001]000010
[111010 011111 001011 000111 000010 000001]010110
[100000 010001 001001 000110 000010 000001]000011
[110101 010010 001001 000110 000010 000001]010101
[100111 010111 001111 000100 000010 000001]000111
#generator: 5 --> 5

stabSize=8192
anf=bcd+ace+abcde+abf+abcf
[110001 010101 001111 000110 000010 000001]010001
[111010 100011 001110 000111 000100 000001]101110
#generator: 2

stabSize=12288
anf=ade+abcde+abf+abcf
[110001 010010 001001 000101 000010 000001]010001
[100011 010010 001001 000101 000010 000001]000011
[111100 011000 001001 000010 000110 000001]010110
[100000 010000 001000 000010 000100 000001]000000
#generator: 4 --> 4

stabSize=6144
anf=bcd+ade+abcde+abf+abcf
[110001 010101 001010 000111 000011 000001]010001
[110011 011111 001011 000111 000011 000001]011001
[101011 010000 001001 000111 000010 000001]001011
[100101 010101 001001 000100 000011 000001]000101
[100010 010010 001001 000101 000010 000001]000010
#generator: 5 --> 5

stabSize=2048
anf=cde+abcde+abf+abcf
[010001 110001 001111 000110 000100 000001]010010
[110001 100000 001011 000110 000010 000001]100001
[110000 010000 001000 000010 000100 000001]010000
#generator: 3 --> 3

stabSize=1152
anf=abcde+abcf+adf
[100100 011000 010010 000110 000010 000001]010100
[111111 010010 001010 000100 000010 000001]011111
[110000 001000 010000 000100 000010 000001]010000
[111000 001000 010010 000101 000010 000001]011000
#generator: 4 --> 4

stabSize=3072
anf=bcd+abcde+abcf+adf
[111101 010001 011010 000101 000010 000001]001101
[110001 011001 001001 000111 000010 000001]011001
[100000 010000 001010 000110 000010 000001]000000
[100010 010010 001010 000111 000010 000001]000010
#generator: 4 --> 4

stabSize=3072
anf=abe+abcde+abcf+adf
[100110 010000 001010 000101 000010 000001]000111
[101111 011000 001010 000100 000010 000001]000100
[110010 010000 001000 000100 000010 000001]010010
[111101 010010 001000 000101 000010 000001]011101
[100010 010010 001000 000101 000010 000001]000010
[100001 010001 001010 000110 000010 000001]000001
#generator: 6 --> 6

stabSize=1024
anf=bcd+abe+abcde+abcf+adf
[111000 010001 001001 000100 000010 000001]011000
[100101 011000 001000 000100 000010 000001]001100
[110001 010000 001011 000101 000010 000001]010001
[100010 010010 001000 000101 000010 000001]000010
[111111 010011 001011 000100 000010 000001]011111
[100011 010011 001010 000111 000010 000001]000011
#generator: 6 --> 6

stabSize=1024
anf=bce+abcde+abcf+adf
[100011 001010 010010 000101 000010 000001]000000
[100000 011010 010000 000101 000010 000001]010000
[100100 001000 010000 000100 000010 000001]000100
[100001 001010 010010 000100 000010 000001]000001
#generator: 4 --> 4

stabSize=384
anf=bde+abcde+abcf+adf
[101000 011010 001000 000111 000010 000001]000010
[111010 010010 001000 000101 000011 000001]011111
[100001 010010 001000 000101 000010 000001]000001
[101000 010010 001000 000101 000010 000001]001000
[101001 010010 001000 000110 000010 000001]001001
#generator: 5 --> 5

stabSize=256
anf=ace+bde+abcde+abcf+adf
[111000 010011 001000 000100 000011 000001]011110
[110101 011011 001001 000110 000011 000001]011010
[101001 010010 001001 000110 000010 000001]001001
[100011 010011 001000 000101 000010 000001]000011
#generator: 4 --> 4

stabSize=256
anf=bce+bde+abcde+abcf+adf
[101101 010000 001000 000100 000010 000001]001101
[100011 011011 001000 000100 000010 000001]001001
[100000 010010 001000 000101 000010 000001]000000
[100011 010011 001010 000111 000010 000001]000011
[100000 010000 001010 000110 000010 000001]000000
#generator: 5 --> 5

stabSize=128
anf=abcde+bcf+abcf+adf
[111100 001100 010110 000110 000010 000001]011100
[111110 001110 010110 000100 000010 000001]011110
[101011 011100 010100 000100 000010 000001]011010
[100110 001010 010000 000110 000010 000001]000110
#generator: 4 --> 4

stabSize=1536
anf=abe+abcde+bcf+abcf+adf
[111100 010100 001110 000100 000010 000001]011111
[111010 011010 001100 000100 000010 000001]010100
[100101 010011 001000 000110 000010 000001]000101
[100011 010011 001000 000110 000010 000001]000011
[111010 010100 001100 000100 000010 000001]011010
#generator: 5 --> 5

stabSize=512
anf=bce+abcde+bcf+abcf+adf
[100101 011010 010010 000100 000010 000001]010100
[100000 011000 001000 000111 000010 000001]001000
[100100 001010 010010 000111 000010 000001]000100
[100000 010000 001000 000111 000010 000001]000000
#generator: 4 --> 4

stabSize=384
anf=bde+abcde+bcf+abcf+adf
[100010 011011 001010 000101 000010 000001]001001
[101011 010111 001000 000110 000010 000001]001111
[100011 010011 001000 000110 000010 000001]000011
[100000 010010 001000 000110 000010 000001]000000
[100011 010011 001010 000111 000010 000001]000011
#generator: 5 --> 5

stabSize=128
anf=bce+bde+abcde+bcf+abcf+adf
[100000 010000 001000 000111 000010 000001]000000
[110000 010000 001111 000111 000011 000001]010000
[111001 011000 001100 000100 000011 000001]010000
[100010 010001 001010 000110 000010 000001]000010
#generator: 4 --> 4

stabSize=256
anf=ace+bce+bde+abcde+bcf+abcf+adf
[110010 010001 001101 000110 000011 000001]010010
[100100 011000 001001 000111 000010 000001]001101
[100011 010001 001011 000110 000010 000001]000011
[110001 010000 001101 000110 000011 000001]010001
#generator: 4 --> 4

stabSize=256
anf=abcde+abcf+bdf+aef
[110000 101110 001000 000110 000100 000001]101010
[010000 100010 001000 000010 000100 000001]000010
#generator: 2

stabSize=192
anf=acd+abcde+abcf+bdf+aef
[110110 010100 001000 000110 000010 000001]010001
[101010 010000 001000 000100 000010 000001]001010
[111101 011010 001000 000110 000010 000001]010101
[110110 010010 001000 000110 000010 000001]010110
#generator: 4 --> 4

stabSize=64
anf=bcd+abcde+abcf+bdf+aef
[101111 011010 001000 000100 000010 000001]000100
[010000 101011 001001 000010 000100 000001]001010
[101001 010000 001000 000100 000010 000001]001001
[100010 010000 001000 000100 000010 000001]000010
#generator: 4 --> 4

stabSize=64
anf=acd+bcd+bce+abcde+abcf+bdf+aef
[110000 010110 001001 000110 000010 000001]010100
[011011 110111 001000 000010 000110 000001]011111
#generator: 2

stabSize=192
anf=cde+abcde+abcf+bdf+aef
[111111 100100 001001 000111 000100 000001]101011
[111111 011011 001001 000111 000011 000001]010011
#generator: 2

stabSize=48
anf=bcd+cde+abcde+abcf+bdf+aef
[010000 100000 001001 000010 000100 000001]000001
[110010 011000 001000 000110 000011 000001]011110
#generator: 3 --> 2

stabSize=48
anf=abcde+abcf+def
[011000 100000 010000 000010 000101 000001]010010
[111000 101000 110000 000100 000111 000001]011000
#generator: 2

stabSize=4032
anf=abd+abcde+abcf+def
[010000 111000 001000 000101 000011 000001]011111
[011000 111000 001000 000110 000010 000001]010010
[111000 010000 001000 000111 000010 000001]011000
#generator: 3 --> 3

stabSize=192
anf=acd+abe+abcde+abcf+def
[100000 011000 001000 000111 000011 000001]001111
[110000 001000 010000 000010 000100 000001]010000
#generator: 3 --> 2

stabSize=96
anf=abcde+abf+abcf+def
[100000 111000 001000 000110 000100 000001]101100
[010000 110000 001000 000010 000100 000001]010000
#generator: 2

stabSize=144
anf=acd+abcde+abf+abcf+def
[111000 011000 001000 000101 000010 000001]010010
[110000 010000 001000 000110 000010 000001]010010
[110000 010000 001000 000100 000010 000001]010000
#generator: 3 --> 3

stabSize=16
anf=bcd+ace+abcde+abf+abcf+def
[101000 111000 001000 000101 000111 000001]100111
[011000 100000 001000 000011 000100 000001]001100
#generator: 2

stabSize=24
anf=abcde+acdf+abef
[100000 010000 001000 001100 000010 000001]001000
[111011 000100 000010 010000 001000 000001]011011
[111000 001000 010000 000010 000100 000001]011000
#generator: 3 --> 3

stabSize=2304
anf=acd+abcde+acdf+abef
[101001 011001 010000 000111 000100 000001]001001
[110000 010101 011111 001111 001100 000001]011011
#generator: 2

stabSize=23040
anf=abc+acd+abcde+acdf+abef
[111010 010101 011111 000100 000111 000001]011010
[101001 001011 010111 000010 000100 000001]001011
#generator: 2

stabSize=1536
anf=bcd+abcde+acdf+abef
[101111 011111 000111 001011 000010 000001]001111
[101110 011101 000111 001100 000010 000001]001011
[101101 011111 001011 000111 000010 000001]001101
[100001 010000 001000 000100 000010 000001]000001
#generator: 4 --> 4

stabSize=192
anf=abd+ace+abcde+acdf+abef
[100111 000100 000010 010000 001000 000001]000111
[111110 001000 010000 011011 010101 000001]001111
#generator: 2

stabSize=3840
anf=bcd+ace+abcde+acdf+abef
[100010 011001 001000 000111 000010 000001]000010
[100000 011001 001000 000111 000010 000001]000000
[100111 011111 001011 000111 000010 000001]000110
[100111 011011 001111 000111 000010 000001]000010
#generator: 4 --> 4

stabSize=64
anf=abcde+bcf+acdf+abef
[111111 001001 010011 000010 000100 000001]011010
[111111 001001 010001 000010 000100 000001]011000
[100110 001000 010000 000010 000100 000001]000110
[111110 001110 010110 000010 000100 000001]011110
#generator: 4 --> 4

stabSize=128
anf=abd+abcde+bcf+acdf+abef
[111100 010100 001010 000100 000010 000001]011010
[111111 010110 001110 000100 000010 000001]011111
[100001 010000 001100 000100 000010 000001]000101
[111011 010011 001001 000100 000010 000001]011110
#generator: 4 --> 4

stabSize=64
anf=abd+ace+abcde+bcf+acdf+abef
[111110 001110 010110 000010 000100 000001]011110
[111110 010110 001110 000100 000010 000001]011110
[100111 001011 010101 000010 000100 000001]000110
[100000 010101 001111 000100 000010 000001]000101
#generator: 4 --> 4

stabSize=128
anf=bcd+bce+abcde+bcf+acdf+abef
[100101 001000 010000 000010 000100 000001]000101
[101110 001111 011000 000010 000111 000001]001010
#generator: 2

stabSize=192
anf=acd+bcd+bce+abcde+bcf+acdf+abef
[100110 001000 010010 000010 000100 000001]000101
[100000 001000 011011 000010 000111 000001]000010
#generator: 3 --> 2

stabSize=192
anf=ade+abcde+bcf+acdf+abef
[100110 001000 010000 000010 000100 000001]000110
[100100 001011 010101 000010 000100 000001]000100
[111101 001010 010100 000010 000100 000001]011010
[100010 001000 010000 000010 000100 000001]000010
#generator: 4 --> 4

stabSize=32
anf=bcd+bce+ade+abcde+bcf+acdf+abef
[110000 011000 001110 000111 000010 000001]010011
[111101 001101 010011 000010 000100 000001]011101
#generator: 2

stabSize=192
anf=acd+bcd+bce+ade+abcde+bcf+acdf+abef
[101000 011010 001000 000111 000010 000001]001001
[100111 001011 011111 000010 000111 000001]000111
#generator: 2

stabSize=192
anf=bde+abcde+bcf+acdf+abef
[101111 011100 001011 000111 000010 000001]001111
[100011 011101 001011 000111 000010 000001]000001
[100011 011111 001011 000111 000010 000001]000011
#generator: 3 --> 3

stabSize=8
anf=ace+bde+abcde+bcf+acdf+abef
[101100 011100 001011 000111 000010 000001]001101
[101101 011110 001011 000111 000010 000001]001110
[101101 010011 001000 000100 000010 000001]001101
#generator: 3 --> 3

stabSize=8
anf=abcde+cdf+acdf+abef
[110010 000010 000100 001000 010000 000001]010010
[101101 010010 001001 001100 010000 000001]011001
#generator: 2

stabSize=576
anf=abc+abcde+cdf+acdf+abef
[110010 010000 001000 000100 000010 000001]010010
[100101 010000 001101 000100 000010 000001]000101
[100101 010010 001001 000100 000010 000001]000011
[101111 010010 001001 000101 000010 000001]000000
#generator: 4 --> 4

stabSize=64
anf=bcd+abcde+cdf+acdf+abef
[110001 010010 001100 001000 000010 000001]011011
[110001 010000 001000 000100 000010 000001]010001
[100000 010000 000100 001000 000010 000001]000000
#generator: 3 --> 3

stabSize=48
anf=abd+ace+abcde+cdf+acdf+abef
[100010 000010 000100 001000 010000 000001]000010
[110101 010010 001101 001001 010000 000001]001000
#generator: 2

stabSize=96
anf=bcd+ace+abcde+cdf+acdf+abef
[100101 010010 001001 000100 000010 000001]000011
[100010 010000 001100 000100 000010 000001]000110
[110011 010000 001000 000100 000010 000001]010011
#generator: 3 --> 3

stabSize=16
anf=bce+abcde+cdf+acdf+abef
[101000 000010 001000 000101 010010 000001]000011
[100101 010000 001101 000100 000010 000001]000101
[100000 000010 001000 000100 010000 000001]000000
#generator: 3 --> 3

stabSize=48
anf=abd+bce+abcde+cdf+acdf+abef
[101100 010000 001001 000101 000010 000001]000000
[100010 010000 001100 000100 000010 000001]000110
[100010 010010 001100 000100 000010 000001]000100
#generator: 3 --> 3

stabSize=16
anf=bcd+bce+abcde+cdf+acdf+abef
[100111 010010 001001 000100 000010 000001]000001
[100000 010010 001000 000100 000010 000001]000010
[100111 010000 001101 000100 000010 000001]000111
#generator: 3 --> 3

stabSize=8
anf=bcd+bce+ade+abcde+cdf+acdf+abef
[101000 010010 001000 000101 000010 000001]000011
[111011 010010 001101 000101 000010 000001]010101
#generator: 2

stabSize=8
anf=abcde+cdf+acdf+bef+abef
[110100 010110 011000 011100 000110 000001]011110
[110111 000110 011110 000100 010100 000001]000000
#generator: 2

stabSize=1440
anf=abc+abcde+cdf+acdf+bef+abef
[100110 010110 001110 000100 000010 000001]000110
[110110 010010 011010 000100 000110 000001]000010
[100001 001100 010010 000010 000100 000001]000110
#generator: 3 --> 3

stabSize=96
anf=acd+abcde+cdf+acdf+bef+abef
[100000 001100 010000 000010 001000 000001]001001
[100000 010000 000100 001000 000010 000001]000000
[100001 000100 010000 000010 001000 000001]000001
#generator: 3 --> 3

stabSize=144
anf=abd+acd+ace+abcde+cdf+acdf+bef+abef
[111101 010100 001110 011110 001100 000001]001010
[111111 010110 011100 010010 001100 000001]010101
#generator: 2

stabSize=240
anf=abcde+bcf+cdf+acdf+bef+abef
[100110 001010 010110 000010 000100 000001]000010
[101100 011100 001100 000110 000010 000001]000110
#generator: 2

stabSize=48
anf=abd+abcde+bcf+cdf+acdf+bef+abef
[100000 010010 001000 000100 000010 000001]000010
[101100 011110 001010 000110 000010 000001]000010
[101001 011010 001110 000110 000010 000001]000110
#generator: 3 --> 3

stabSize=16
anf=acd+abcde+bcf+cdf+acdf+bef+abef
[100000 010010 001000 000100 000010 000001]000010
[100000 001100 010010 000010 000100 000001]000111
[100111 001110 010110 000010 000100 000001]000111
#generator: 3 --> 3

stabSize=16
anf=abd+acd+ace+abcde+bcf+cdf+acdf+bef+abef
[110010 010100 011010 000100 000110 000001]000001
[110011 011110 010100 000110 000100 000001]000100
#generator: 2

stabSize=48
anf=ade+abcde+bcf+cdf+acdf+bef+abef
[100000 001000 010000 000010 000100 000001]000000
[110011 010100 011110 000100 000110 000001]000101
#generator: 2

stabSize=12
anf=acd+ade+abcde+bcf+cdf+acdf+bef+abef
[100110 001010 010100 000010 000100 000001]000000
[110000 011100 010000 000110 000100 000001]000001
#generator: 2

stabSize=12
anf=abcde+bdf+cdf+acdf+abef+cef
[100000 000010 000100 001000 010000 000001]000000
[100100 010100 001110 001010 010110 000001]011100
#generator: 2

stabSize=60
anf=abc+abcde+bdf+cdf+acdf+abef+cef
[110100 001100 011110 000010 000110 000001]011100
[110110 001000 011000 000010 000110 000001]011100
#generator: 2

stabSize=12
anf=abd+abcde+bdf+cdf+acdf+abef+cef
[101110 010110 001010 011000 001000 000001]011100
[101000 010000 001000 011100 001010 000001]011000
#generator: 2

stabSize=6
anf=abcdef
[000001 100000 010000 001000 000100 000010]000000
[010000 001000 000100 000010 000001 110000]010000
#generator: 2

stabSize=20158709760
anf=abc+abcdef
[011110 001111 100111 000001 000111 000010]001101
[110100 001010 100101 000100 000011 000110]100101
#generator: 2

stabSize=14450688
anf=acd+abe+abcdef
[110000 001111 011000 010101 011110 000001]010010
[110001 001000 001010 011001 010110 000001]000010
#generator: 2

stabSize=368640
anf=bcd+ace+abf+abcdef
[101000 011000 001000 000101 000011 000001]000000
[011100 100100 101110 000011 000100 000101]101011
#generator: 2

stabSize=43008
anf=cde+abf+abcdef
[000100 000010 100000 100001 110000 001010]000010
[001110 000010 110000 010001 010000 000100]000110
#generator: 2

stabSize=56448
anf=ace+bce+bde+bcf+adf+abcdef
[000011 000001 111000 010100 001000 000100]011101
[111100 011000 001000 001100 001101 000110]010100
#generator: 2

stabSize=120960
anf=abcd+abcdef
[010110 101101 111101 001011 000010 000011]110011
[111010 010011 101100 001111 000011 000001]110111
#generator: 2

stabSize=30965760
anf=abc+abcd+abcdef
[100111 011001 010111 000110 000011 000001]010010
[101001 110101 111001 000101 000011 000010]011110
#generator: 3 --> 2

stabSize=2064384
anf=abcd+abe+abcdef
[010001 110001 000100 001001 000011 000001]010000
[101100 011011 000100 001001 000010 000001]000110
[110010 011001 001101 001000 000010 000001]010010
#generator: 4 --> 3

stabSize=73728
anf=acd+abcd+abe+abcdef
[100010 010010 001001 000101 000011 000001]000001
[101100 011110 001010 000110 000011 000001]000011
[111110 011011 001111 001000 000010 000001]011110
[100110 010110 001110 000100 000010 000001]000110
#generator: 4 --> 4

stabSize=24576
anf=abcd+bce+ade+abcdef
[011000 100101 011101 110100 000010 000001]101000
[001000 101100 001101 110001 000011 000001]100101
#generator: 3 --> 2

stabSize=23040
anf=abcd+ace+abf+abcdef
[100000 010110 011001 000100 000010 000011]010101
[111010 010011 001011 000100 000010 000001]011010
[101000 001001 010010 000100 000001 000010]001011
#generator: 3 --> 3

stabSize=6144
anf=bcd+abcd+ace+abf+abcdef
[111010 011100 010001 000111 000011 000010]001110
[100101 001110 010010 000100 000001 000010]000001
#generator: 3 --> 2

stabSize=6144
anf=abcd+bce+ade+abf+abcdef
[110011 011011 001101 000101 000011 000001]011101
[010110 101111 000101 001001 000010 000001]001001
#generator: 2

stabSize=1536
anf=abcd+cde+abf+abcdef
[010001 110000 000110 001000 000010 000001]010011
[000110 001100 100001 110001 000001 000010]100110
#generator: 2

stabSize=1152
anf=abcd+ace+bce+bde+bcf+adf+abcdef
[111011 010110 111101 100110 000010 000011]001000
[110100 101000 010101 101111 000011 000010]011000
#generator: 2

stabSize=5760
anf=abcd+aef+abcdef
[111011 011100 011000 001100 000011 000001]001110
[100010 000100 001000 010000 000001 000010]000010
#generator: 2

stabSize=32256
anf=abc+abcd+aef+abcdef
[101001 011100 010000 000100 000011 000001]011100
[111111 010000 011000 000100 000011 000010]001101
#generator: 2

stabSize=4608
anf=bcd+abcd+aef+abcdef
[100001 000100 010000 001000 000001 000010]000001
[100011 011000 001100 000100 000011 000001]001110
#generator: 2

stabSize=4032
anf=abcd+bce+aef+abcdef
[101001 010101 011001 000100 000011 000001]011100
[110000 010000 001001 000100 000011 000001]010000
[111100 001001 011000 000100 000010 000001]010101
#generator: 3 --> 3

stabSize=768
anf=abd+abcd+bce+aef+abcdef
[100111 010100 001100 000100 000010 000001]000111
[111100 010001 001001 000100 000010 000001]011100
[101111 011101 001100 000100 000010 000001]000110
[110010 010100 001101 000100 000011 000001]010010
#generator: 4 --> 4

stabSize=256
anf=bcd+abcd+bce+aef+abcdef
[100110 001100 010000 000100 000011 000001]000011
[100001 010000 011000 000100 000010 000001]010001
[100110 001000 010000 000100 000010 000001]000110
#generator: 3 --> 3

stabSize=192
anf=abcd+bde+bcf+aef+abcdef
[101000 011010 001100 001000 000011 000010]001000
[101000 010110 000100 001000 000001 000010]001110
#generator: 2

stabSize=96
anf=bcd+abcd+bde+bcf+aef+abcdef
[100101 010101 001000 001100 000010 000011]001010
[110100 011110 001111 000101 000011 000001]011101
#generator: 3 --> 2

stabSize=192
anf=acd+bcd+abcd+bde+bcf+aef+abcdef
[100100 010101 001000 001100 000010 000011]001011
[110010 011010 001111 000101 000011 000001]011111
#generator: 2

stabSize=192
anf=abde+abcf+abcdef
[110101 010000 000100 001000 000001 000010]010101
[101111 011010 000010 001001 001000 000110]001111
[101101 111100 001001 000100 000110 001000]101101
#generator: 3 --> 3

stabSize=110592
anf=abc+abde+abcf+abcdef
[010000 100010 000011 001101 001100 000100]001011
[011111 111000 001000 000010 000100 000001]010111
#generator: 2

stabSize=184320
anf=acd+abde+abcf+abcdef
[100010 010010 000110 001000 000001 000010]000010
[111111 010000 001000 000100 000010 000001]011111
[111010 010011 000110 001001 000001 000010]011010
[100111 011101 000101 001011 000001 000010]001000
[100001 010001 001001 000100 000010 000001]000001
#generator: 5 --> 5

stabSize=2048
anf=bcd+ace+abde+abcf+abcdef
[011101 101110 001111 000011 000101 000001]000100
[010011 111000 001010 000010 000111 000001]011010
#generator: 2

stabSize=1536
anf=ade+abde+abcf+abcdef
[100000 010000 001000 000010 000100 000001]000000
[111010 011000 001001 000100 000010 001000]011010
[101001 010001 001000 000110 000100 001001]000100
#generator: 3 --> 3

stabSize=4608
anf=abc+ade+abde+abcf+abcdef
[100000 010000 001000 000010 000100 000001]000000
[100001 010001 001001 000100 000010 000001]000001
[110111 011001 001001 000010 000110 000001]011101
[111101 010000 001000 000100 000010 000001]011101
#generator: 4 --> 4

stabSize=1536
anf=bcd+ade+abde+abcf+abcdef
[101000 010011 001001 000110 000010 000001]001000
[101010 011010 001001 000110 000010 000001]000011
[111100 010000 001011 000111 000010 000001]011100
[100001 010001 001001 000100 000010 000001]000001
#generator: 4 --> 4

stabSize=256
anf=abde+cde+abcf+abcdef
[110000 010000 001000 000010 000100 000001]010000
[110001 100001 001000 000010 000100 000001]100000
[100000 110000 001001 000100 000110 000001]100101
#generator: 3 --> 3

stabSize=288
anf=abc+abde+cde+abcf+abcdef
[110000 010000 001000 000100 000010 000001]010000
[100001 110000 001001 000100 000110 000001]100100
[100000 010000 001000 000010 000100 000001]000000
#generator: 3 --> 3

stabSize=288
anf=acd+abe+abde+abf+abcf+abcdef
[110111 011100 000111 001101 000001 000011]011100
[100001 011011 001010 001111 000010 000011]000001
[101011 011011 001111 001010 000011 000010]001011
#generator: 3 --> 3

stabSize=6144
anf=bcd+ace+abde+abf+abcf+abcdef
[110010 100000 001010 000111 000101 000001]100100
[110011 010111 001101 000111 000011 000001]010011
#generator: 2

stabSize=1536
anf=bcd+ade+abde+abf+abcf+abcdef
[110001 011010 001011 000101 000010 000001]011001
[100110 010001 001001 000110 000010 000001]000100
[110100 010001 001010 000111 000010 000001]010100
[100110 010001 001001 000100 000010 000001]000110
#generator: 4 --> 4

stabSize=256
anf=abde+cde+abf+abcf+abcdef
[110000 100001 001011 000101 000111 000001]100110
[110001 010000 001000 000010 000100 000001]010001
#generator: 2

stabSize=576
anf=abd+abde+cde+abf+abcf+abcdef
[110001 100001 001100 000100 000011 000001]100101
[100001 010000 001000 000110 000010 000001]000011
[110001 010000 001000 000100 000010 000001]010001
#generator: 3 --> 3

stabSize=192
anf=ade+abde+acf+abcf+abcdef
[110101 011010 001011 001110 001100 000011]011010
[100101 010101 000011 001100 000001 000100]000101
#generator: 2

stabSize=23040
anf=acd+ade+abde+acf+abcf+abcdef
[111101 010100 000100 001101 000001 000011]011101
[111010 011001 001101 001010 000011 000010]011010
[110100 010011 000101 001011 000001 000010]010101
#generator: 3 --> 3

stabSize=1536
anf=bcd+ade+abde+acf+abcf+abcdef
[100011 011011 001001 001111 000010 000011]000000
[101100 011000 001101 001001 000011 000010]001110
#generator: 2

stabSize=768
anf=bcd+ace+ade+abde+acf+abcf+abcdef
[101111 010010 001000 000100 000010 000001]001101
[111111 010101 001111 000110 000011 000001]011110
[100111 010111 001111 000101 000011 000001]000111
[111010 010011 001001 000110 000010 000001]011010
#generator: 4 --> 4

stabSize=256
anf=bde+abde+acf+abcf+abcdef
[010000 101001 000010 001000 000001 000100]001001
[101001 010110 000001 000100 000110 001001]001010
#generator: 2

stabSize=1152
anf=acd+bde+abde+acf+abcf+abcdef
[010001 101011 000111 001011 000001 000010]001010
[100000 010010 001000 000110 000010 000001]000000
[101001 010000 001000 000100 000010 000001]001001
#generator: 3 --> 3

stabSize=128
anf=abde+cde+acf+abcf+abcdef
[100001 010000 001000 000100 000010 000001]000001
[110000 010000 001000 000100 000010 000001]010000
[100000 010000 001001 000110 000100 000001]000101
[100000 010000 001000 000010 000100 000001]000000
#generator: 4 --> 4

stabSize=48
anf=bde+abde+cde+acf+abcf+abcdef
[100011 010011 001010 000111 000101 000001]000110
[111110 010111 001111 000101 000011 000001]011110
[100111 010111 001111 000011 000101 000001]000111
#generator: 3 --> 3

stabSize=192
anf=abd+bde+abde+cde+acf+abcf+abcdef
[100110 010110 001110 000101 000011 000001]000110
[100100 010100 001101 000111 000011 000001]000111
[111100 010100 001101 000100 000011 000001]011100
[100011 010011 001010 000101 000010 000001]000011
#generator: 4 --> 4

stabSize=64
anf=bce+abde+abcf+adf+abcdef
[100111 011001 001010 000101 000010 000001]001101
[010000 100100 000001 000010 000100 001000]000100
#generator: 2

stabSize=192
anf=ace+ade+abde+abcf+adf+abcdef
[111011 010000 000001 000010 000100 001000]011011
[101011 010100 001101 001010 001110 000101]001100
#generator: 2

stabSize=1920
anf=bcd+ace+ade+abde+abcf+adf+abcdef
[100110 010001 001010 000111 000010 000001]000110
[100011 011011 000100 001100 000001 000011]001101
[111100 010010 001000 000110 000010 000001]011100
#generator: 3 --> 3

stabSize=384
anf=bce+ade+abde+abcf+adf+abcdef
[100111 010010 001011 000101 000010 000001]000111
[100100 010111 001000 000100 001110 000101]001011
#generator: 2

stabSize=96
anf=ace+bde+abde+abcf+adf+abcdef
[100001 010000 000001 000010 000100 001000]000001
[101110 011001 001000 000100 000110 001001]001011
#generator: 2

stabSize=96
anf=abde+cde+abcf+adf+abcdef
[110011 010000 001001 000110 000010 000001]010000
[110000 010000 001000 000100 000010 000001]010000
[110000 010000 001000 000110 000010 000001]010010
[110001 010000 001000 000100 000010 000001]010001
#generator: 4 --> 4

stabSize=16
anf=abe+abde+cde+abcf+adf+abcdef
[110011 010000 001011 000111 000010 000001]010011
[100010 010000 001001 000100 000010 000001]000011
[100010 010001 001011 000101 000010 000001]000001
[110000 010000 001000 000100 000010 000001]010000
#generator: 4 --> 4

stabSize=32
anf=abc+abe+abde+cde+abcf+adf+abcdef
[100010 010000 001011 000111 000010 000001]000010
[110011 010000 001011 000111 000010 000001]010011
[110011 010001 001001 000110 000010 000001]010001
[110010 010001 001011 000101 000010 000001]010001
#generator: 4 --> 4

stabSize=32
anf=bce+abde+cde+abcf+adf+abcdef
[100010 010001 001011 000101 000010 000001]000001
[110101 010000 001000 000100 000010 000001]010101
[100001 010010 001000 000110 000010 000001]000001
[110100 010000 001000 000100 000010 000001]010100
#generator: 4 --> 4

stabSize=16
anf=abe+bce+abde+cde+abcf+adf+abcdef
[100001 010011 001000 000110 000010 000001]000000
[110101 010000 001000 000100 000010 000001]010101
[100001 010010 001010 000111 000010 000001]000010
#generator: 3 --> 3

stabSize=16
anf=ace+bce+bde+abde+bcf+abcf+adf+abcdef
[110000 101111 000001 000011 000100 001100]101010
[101001 110100 000101 001010 000001 000010]101110
#generator: 2

stabSize=576
anf=ace+ade+bde+abde+bcf+abcf+adf+abcdef
[111110 010110 001110 000101 000011 000001]011110
[111100 010011 001111 000110 001100 001000]011101
#generator: 2

stabSize=1920
anf=bcd+ace+ade+bde+abde+bcf+abcf+adf+abcdef
[100011 011000 000110 001111 000001 000011]001111
[111111 010100 001100 000111 000011 000001]011101
#generator: 2

stabSize=384
anf=abde+cde+bcf+abcf+adf+abcdef
[111110 010100 001101 000111 000011 000001]011101
[111110 010100 001101 000100 000011 000001]011110
[111111 010110 001110 000101 000011 000001]011111
#generator: 3 --> 3

stabSize=16
anf=abe+abde+cde+bcf+abcf+adf+abcdef
[111101 010111 001111 000110 000011 000001]011110
[111110 010100 001101 000100 000011 000001]011110
[111110 010110 001110 000101 000011 000001]011110
#generator: 3 --> 3

stabSize=16
anf=bce+abde+cde+bcf+abcf+adf+abcdef
[100000 010010 001000 000110 000010 000001]000000
[100001 010001 001010 000111 000010 000001]000001
[100011 010000 001001 000100 000010 000001]000010
#generator: 3 --> 3

stabSize=8
anf=abde+cde+abcf+bdf+aef+abcdef
[010000 100000 001000 000010 000100 000001]000000
[110000 100000 001000 000110 000100 000001]100100
#generator: 2

stabSize=6
anf=bcd+abde+cde+abcf+bdf+aef+abcdef
[100000 110100 001000 000100 000110 000001]100000
[110100 010010 001001 000110 000010 000001]010101
#generator: 2

stabSize=12
anf=abc+bcd+abde+cde+abcf+bdf+aef+abcdef
[100000 110100 001000 000100 000110 000001]100000
[110100 010010 001001 000110 000010 000001]010101
#generator: 2

stabSize=12
anf=bcde+acdf+abef+abcdef
[001000 000001 000010 010010 100001 001100]001011
[100001 000100 010000 000010 001000 000001]000001
#generator: 2

stabSize=1296
anf=abc+bcde+acdf+abef+abcdef
[010000 100001 001100 000100 000001 000010]000101
[001000 100000 010010 000010 000001 000100]000010
#generator: 2

stabSize=48
anf=acd+bcde+acdf+abef+abcdef
[010011 010010 001000 001100 110000 110011]111001
[000011 000010 000100 001100 110010 100011]100111
#generator: 3 --> 2

stabSize=720
anf=abc+acd+bcde+acdf+abef+abcdef
[010011 100010 001100 000100 000001 000010]000101
[100001 010000 001000 000100 000010 000001]000001
[010001 100011 001000 000100 000001 000010]000010
#generator: 3 --> 3

stabSize=16
anf=acd+abe+bcde+acdf+abef+abcdef
[100000 001100 000010 010000 000100 000001]000100
[100000 000100 010000 000010 001000 000001]000000
[100001 010000 001000 000100 000010 000001]000001
#generator: 3 --> 3

stabSize=144
anf=abc+acd+abe+bcde+acdf+abef+abcdef
[100001 010000 001000 000100 000010 000001]000001
[000111 101011 110111 000010 000100 100110]000100
[100001 001000 010000 000010 000100 000001]000001
#generator: 3 --> 3

stabSize=48
anf=abd+ace+bcde+acdf+abef+abcdef
[100001 000010 000100 001000 010000 000001]000001
[100000 000100 000010 010010 001100 000001]000110
[100001 010000 001000 000100 000010 000001]000001
#generator: 3 --> 3

stabSize=24
anf=abd+acd+ace+bcde+acdf+abef+abcdef
[100001 010010 001100 001000 010000 000001]011001
[100000 000010 000100 001000 010000 000001]000000
#generator: 2

stabSize=12
anf=abd+acd+abe+ace+bcde+acdf+abef+abcdef
[100001 000010 000100 001000 010000 000001]000001
[100000 000100 000010 010010 001100 000001]000110
[100001 010000 001000 000100 000010 000001]000001
#generator: 3 --> 3

stabSize=24
anf=acd+abe+bcde+abf+acdf+abef+abcdef
[000111 011111 101110 000001 000010 001100]000110
[001111 001101 100111 000001 011000 011110]011101
#generator: 2

stabSize=5040
anf=abc+acd+abe+bcde+abf+acdf+abef+abcdef
[010001 100011 001000 000100 000001 000010]000010
[100000 001010 010100 000010 000100 000001]000110
#generator: 2

stabSize=48
anf=abd+acd+ace+bcde+abf+acdf+abef+abcdef
[100001 001110 011010 010110 011100 000001]000001
[100001 010010 001100 010110 011100 000001]001011
#generator: 2

stabSize=20
anf=abd+ace+bcde+bcf+acdf+abef+abcdef
[001100 111111 111100 101110 011111 110110]110111
[100000 001000 010000 101010 110100 011001]000000
#generator: 2

stabSize=120
anf=abd+acd+ace+bcde+bcf+acdf+abef+abcdef
[101111 101101 000111 001011 110000 110011]110010
[101010 011001 001000 001111 110001 110010]001000
#generator: 2

stabSize=24
anf=abd+acd+abe+ace+bcde+bcf+acdf+abef+abcdef
[100001 010010 001000 000100 000010 000001]000011
[100000 001000 010000 000010 000100 000001]000000
#generator: 2

stabSize=8
anf=acd+ade+bcde+bcf+acdf+abef+abcdef
[111011 010111 100010 101001 110011 011101]110110
[010001 100010 000100 001000 000001 000010]000011
#generator: 2

stabSize=6
anf=ace+bde+bcde+bcf+acdf+abef+abcdef
[010000 100100 001101 110000 111000 111011]110101
[001011 111011 010100 110011 100101 100001]101100
#generator: 2

stabSize=168
anf=abd+abe+bce+cde+bcde+abf+cdf+acdf+abef+abcdef
[001110 011000 111000 111001 001101 010000]110101
[111111 000011 110101 111001 011101 001101]011111
#generator: 2

stabSize=42
#change=15
