

NL2 ( 6 )  : 112 [ 15 ] 336 [ 17 ] 5488 [ 19 ] 10640 [ 21 ] 16128 [ 23 ] 64 [ 27 ]
 

NL2 ( 6 )  : 14 [ 13 ] 50 [ 15 ] 882 [ 17 ] 2254 [ 19 ] 18396 [ 21 ] 11172 [ 23 ]
 

NL2 ( 6 )  : 1008 [ 17 ] 2576 [ 19 ] 18768 [ 21 ] 10416 [ 23 ]
 

NL2 ( 6 )  : 16 [ 13 ] 96 [ 15 ] 496 [ 17 ] 3792 [ 19 ] 12832 [ 21 ] 14448 [ 23 ] 1088 [ 25 ]
 

NL2 ( 6 )  : 96 [ 15 ] 576 [ 17 ] 3872 [ 19 ] 15456 [ 21 ] 11744 [ 23 ] 1024 [ 25 ]
 

NL2 ( 6 )  : 14 [ 13 ] 66 [ 15 ] 642 [ 17 ] 3822 [ 19 ] 12924 [ 21 ] 15300 [ 23 ]
 

NL2 ( 6 )  : 16 [ 15 ] 768 [ 17 ] 4240 [ 19 ] 14704 [ 21 ] 13040 [ 23 ]
 

NL2 ( 6 )  : 12 [ 13 ] 60 [ 15 ] 668 [ 17 ] 3668 [ 19 ] 14168 [ 21 ] 13776 [ 23 ] 416 [ 25 ]
 

NL2 ( 6 )  : 4 [ 13 ] 60 [ 15 ] 700 [ 17 ] 3732 [ 19 ] 15000 [ 21 ] 12984 [ 23 ] 288 [ 25 ]
 

NL2 ( 6 )  : 6 [ 13 ] 82 [ 15 ] 562 [ 17 ] 4102 [ 19 ] 13948 [ 21 ] 13812 [ 23 ] 256 [ 25 ]
 

NL2 ( 6 )  : 72 [ 15 ] 600 [ 17 ] 4240 [ 19 ] 14496 [ 21 ] 13104 [ 23 ] 256 [ 25 ]
 

NL2 ( 6 )  : 24 [ 13 ] 72 [ 15 ] 520 [ 17 ] 3640 [ 19 ] 13008 [ 21 ] 15440 [ 23 ] 64 [ 25 ]
 

NL2 ( 6 )  : 12 [ 13 ] 52 [ 15 ] 592 [ 17 ] 4176 [ 19 ] 14236 [ 21 ] 13636 [ 23 ] 64 [ 25 ]
 

NL2 ( 6 )  : 12 [ 13 ] 92 [ 15 ] 540 [ 17 ] 3828 [ 19 ] 13280 [ 21 ] 14216 [ 23 ] 800 [ 25 ]
 

NL2 ( 6 )  : 8 [ 13 ] 72 [ 15 ] 584 [ 17 ] 4024 [ 19 ] 14368 [ 21 ] 13712 [ 23 ]
 

NL2 ( 6 )  : 72 [ 15 ] 616 [ 17 ] 4104 [ 19 ] 15000 [ 21 ] 12464 [ 23 ] 512 [ 25 ]
 

NL2 ( 6 )  : 10 [ 13 ] 70 [ 15 ] 646 [ 17 ] 3730 [ 19 ] 13940 [ 21 ] 13828 [ 23 ] 544 [ 25 ]
 

NL2 ( 6 )  : 4 [ 13 ] 92 [ 15 ] 572 [ 17 ] 3940 [ 19 ] 14120 [ 21 ] 13528 [ 23 ] 512 [ 25 ]
 

NL2 ( 6 )  : 10 [ 13 ] 78 [ 15 ] 590 [ 17 ] 3842 [ 19 ] 13896 [ 21 ] 13984 [ 23 ] 368 [ 25 ]
 

NL2 ( 6 )  : 4 [ 13 ] 68 [ 15 ] 628 [ 17 ] 4020 [ 19 ] 14556 [ 21 ] 13148 [ 23 ] 344 [ 25 ]
 

NL2 ( 6 )  : 6 [ 13 ] 74 [ 15 ] 634 [ 17 ] 3862 [ 19 ] 14172 [ 21 ] 13652 [ 23 ] 368 [ 25 ]
 

NL2 ( 6 )  : 4 [ 13 ] 60 [ 15 ] 684 [ 17 ] 3876 [ 19 ] 14424 [ 21 ] 13144 [ 23 ] 576 [ 25 ]
 

NL2 ( 6 )  : 16 [ 13 ] 40 [ 15 ] 648 [ 17 ] 4000 [ 19 ] 13232 [ 21 ] 14736 [ 23 ] 96 [ 25 ]
 

NL2 ( 6 )  : 40 [ 15 ] 728 [ 17 ] 4032 [ 19 ] 15456 [ 21 ] 11968 [ 23 ] 544 [ 25 ]
 

NL2 ( 6 )  : 2 [ 13 ] 78 [ 15 ] 622 [ 17 ] 3970 [ 19 ] 14448 [ 21 ] 13296 [ 23 ] 352 [ 25 ]
 

NL2 ( 6 )  : 8 [ 13 ] 64 [ 15 ] 640 [ 17 ] 3896 [ 19 ] 14228 [ 21 ] 13596 [ 23 ] 336 [ 25 ]
 

NL2 ( 6 )  : 3 [ 13 ] 73 [ 15 ] 625 [ 17 ] 3975 [ 19 ] 14618 [ 21 ] 13182 [ 23 ] 292 [ 25 ]
 

NL2 ( 6 )  : 7 [ 13 ] 69 [ 15 ] 637 [ 17 ] 3843 [ 19 ] 14304 [ 21 ] 13608 [ 23 ] 300 [ 25 ]
 

NL2 ( 6 )  : 1 [ 13 ] 59 [ 15 ] 675 [ 17 ] 4013 [ 19 ] 14928 [ 21 ] 12792 [ 23 ] 300 [ 25 ]
 

NL2 ( 6 )  : 5 [ 13 ] 61 [ 15 ] 645 [ 17 ] 3991 [ 19 ] 14674 [ 21 ] 13121 [ 23 ] 271 [ 25 ]
 

NL2 ( 6 )  : 7 [ 13 ] 71 [ 15 ] 623 [ 17 ] 3913 [ 19 ] 14160 [ 21 ] 13613 [ 23 ] 381 [ 25 ]
 

NL2 ( 6 )  : 11 [ 13 ] 71 [ 15 ] 607 [ 17 ] 3805 [ 19 ] 13998 [ 21 ] 13995 [ 23 ] 281 [ 25 ]
 

NL2 ( 6 )  : 1 [ 13 ] 61 [ 15 ] 661 [ 17 ] 4035 [ 19 ] 15042 [ 21 ] 12643 [ 23 ] 325 [ 25 ]
 

NL2 ( 6 )  : 3 [ 13 ] 71 [ 15 ] 639 [ 17 ] 3961 [ 19 ] 14532 [ 21 ] 13273 [ 23 ] 289 [ 25 ]
 

NL2 ( 6 )  : 6 [ 13 ] 76 [ 15 ] 620 [ 17 ] 3870 [ 19 ] 14210 [ 21 ] 13557 [ 23 ] 429 [ 25 ]
 

NL2 ( 6 )  : 7 [ 13 ] 71 [ 15 ] 623 [ 17 ] 3857 [ 19 ] 14360 [ 21 ] 13546 [ 23 ] 304 [ 25 ]
 

NL2 ( 6 )  : 66 [ 15 ] 658 [ 17 ] 4032 [ 19 ] 14820 [ 21 ] 12778 [ 23 ] 414 [ 25 ]
 
